    0.70000E+01      0.10000E+01      0.25000E+01      0.50000E+00      0.14763E+02
    0.10333E+02      0.10000E+01      0.25000E+01      0.50000E+00      0.16685E+02
    0.36667E+01      0.10000E+01      0.25000E+01      0.50000E+00      0.41309E+02
    0.70000E+01      0.16667E+01      0.25000E+01      0.50000E+00      0.14763E+02
    0.70000E+01      0.33333E+00      0.25000E+01      0.50000E+00      0.14763E+02
    0.70000E+01      0.10000E+01      0.41667E+01      0.50000E+00      0.34814E+02
    0.70000E+01      0.10000E+01      0.83333E+00      0.50000E+00      0.34769E+01
    0.70000E+01      0.10000E+01      0.25000E+01      0.83333E+00      0.14763E+02
    0.70000E+01      0.10000E+01      0.25000E+01      0.16667E+00      0.14763E+02
    0.10333E+02      0.10000E+01      0.83333E+00      0.50000E+00      0.79045E+01
    0.36667E+01      0.10000E+01      0.83333E+00      0.50000E+00      0.29851E+02
    0.70000E+01      0.16667E+01      0.83333E+00      0.50000E+00      0.34769E+01
    0.70000E+01      0.33333E+00      0.83333E+00      0.50000E+00      0.34769E+01
    0.70000E+01      0.10000E+01      0.83333E+00      0.83333E+00      0.34769E+01
    0.70000E+01      0.10000E+01      0.83333E+00      0.16667E+00      0.34769E+01
    0.10333E+02      0.16667E+01      0.83333E+00      0.50000E+00      0.79045E+01
    0.36667E+01      0.16667E+01      0.83333E+00      0.50000E+00      0.29851E+02
    0.70000E+01      0.16667E+01      0.83333E+00      0.83333E+00      0.34769E+01
    0.70000E+01      0.16667E+01      0.83333E+00      0.16667E+00      0.34769E+01
    0.10333E+02      0.33333E+00      0.83333E+00      0.50000E+00      0.79045E+01
    0.36667E+01      0.33333E+00      0.83333E+00      0.50000E+00      0.29851E+02
    0.70000E+01      0.33333E+00      0.83333E+00      0.83333E+00      0.34769E+01
    0.70000E+01      0.33333E+00      0.83333E+00      0.16667E+00      0.34769E+01
    0.10333E+02      0.10000E+01      0.83333E+00      0.83333E+00      0.79045E+01
    0.36667E+01      0.10000E+01      0.83333E+00      0.83333E+00      0.29851E+02
    0.10333E+02      0.10000E+01      0.83333E+00      0.16667E+00      0.79045E+01
    0.36667E+01      0.10000E+01      0.83333E+00      0.16667E+00      0.29851E+02
    0.10333E+02      0.16667E+01      0.83333E+00      0.83333E+00      0.79045E+01
    0.36667E+01      0.16667E+01      0.83333E+00      0.83333E+00      0.29851E+02
    0.10333E+02      0.16667E+01      0.83333E+00      0.16667E+00      0.79045E+01
    0.36667E+01      0.16667E+01      0.83333E+00      0.16667E+00      0.29851E+02
    0.10333E+02      0.33333E+00      0.83333E+00      0.83333E+00      0.79045E+01
    0.36667E+01      0.33333E+00      0.83333E+00      0.83333E+00      0.29851E+02
    0.10333E+02      0.33333E+00      0.83333E+00      0.16667E+00      0.79045E+01
    0.36667E+01      0.33333E+00      0.83333E+00      0.16667E+00      0.29851E+02
    0.10333E+02      0.16667E+01      0.25000E+01      0.50000E+00      0.16685E+02
    0.36667E+01      0.16667E+01      0.25000E+01      0.50000E+00      0.41309E+02
    0.70000E+01      0.16667E+01      0.25000E+01      0.83333E+00      0.14763E+02
    0.70000E+01      0.16667E+01      0.25000E+01      0.16667E+00      0.14763E+02
    0.81111E+01      0.10000E+01      0.83333E+00      0.50000E+00      0.21430E+01
    0.58889E+01      0.10000E+01      0.83333E+00      0.50000E+00      0.82897E+01
    0.70000E+01      0.12222E+01      0.83333E+00      0.50000E+00      0.34769E+01
    0.70000E+01      0.77778E+00      0.83333E+00      0.50000E+00      0.34769E+01
    0.70000E+01      0.10000E+01      0.13889E+01      0.50000E+00      0.61526E+01
    0.70000E+01      0.10000E+01      0.27778E+00      0.50000E+00      0.20268E+01
    0.70000E+01      0.10000E+01      0.83333E+00      0.61111E+00      0.34769E+01
    0.70000E+01      0.10000E+01      0.83333E+00      0.38889E+00      0.34769E+01
    0.10333E+02      0.33333E+00      0.25000E+01      0.50000E+00      0.16685E+02
    0.36667E+01      0.33333E+00      0.25000E+01      0.50000E+00      0.41309E+02
    0.70000E+01      0.33333E+00      0.25000E+01      0.83333E+00      0.14763E+02
    0.70000E+01      0.33333E+00      0.25000E+01      0.16667E+00      0.14763E+02
    0.81111E+01      0.10000E+01      0.27778E+00      0.50000E+00      0.75882E+00
