    0.10000E+02      0.00000E+00      0.50393E+00
    0.13333E+02      0.00000E+00      0.28188E+01
    0.66667E+01      0.00000E+00      0.27068E+00
    0.10000E+02      0.26667E+01      0.16780E+01
    0.10000E+02     -0.26667E+01      0.14910E+01
    0.66667E+01      0.26667E+01      0.17661E+01
    0.66667E+01     -0.26667E+01      0.15187E+01
    0.13333E+02      0.26667E+01      0.36834E+01
    0.13333E+02     -0.26667E+01      0.35414E+01
    0.77778E+01      0.00000E+00      0.50637E-01
    0.55556E+01      0.00000E+00      0.85981E+00
    0.66667E+01      0.88889E+00      0.47233E+00
    0.66667E+01     -0.88889E+00      0.38367E+00
    0.77778E+01      0.88889E+00      0.23766E+00
    0.77778E+01     -0.88889E+00      0.15701E+00
    0.11111E+02      0.00000E+00      0.10889E+01
    0.88889E+01      0.00000E+00      0.14487E+00
    0.10000E+02      0.88889E+00      0.65851E+00
    0.10000E+02     -0.88889E+00      0.59340E+00
    0.81481E+01      0.00000E+00      0.49771E-01
    0.74074E+01      0.00000E+00      0.86365E-01
    0.77778E+01      0.29630E+00      0.80484E-01
    0.77778E+01     -0.29630E+00      0.53477E-01
    0.88889E+01      0.88889E+00      0.31564E+00
    0.88889E+01     -0.88889E+00      0.24306E+00
    0.81481E+01      0.29630E+00      0.77484E-01
    0.81481E+01     -0.29630E+00      0.51451E-01
    0.55556E+01      0.88889E+00      0.10717E+01
    0.55556E+01     -0.88889E+00      0.97581E+00
    0.74074E+01      0.29630E+00      0.11845E+00
    0.74074E+01     -0.29630E+00      0.90464E-01
    0.82716E+01      0.00000E+00      0.56886E-01
    0.80247E+01      0.00000E+00      0.46310E-01
    0.81481E+01      0.98765E-01      0.55323E-01
    0.81481E+01     -0.98765E-01      0.46780E-01
    0.11111E+02      0.88889E+00      0.12282E+01
    0.11111E+02     -0.88889E+00      0.11696E+01
    0.92593E+01      0.00000E+00      0.23726E+00
    0.85185E+01      0.00000E+00      0.81799E-01
    0.88889E+01      0.29630E+00      0.16863E+00
    0.88889E+01     -0.29630E+00      0.14450E+00
    0.80247E+01      0.98765E-01      0.52112E-01
    0.80247E+01     -0.98765E-01      0.43416E-01
    0.11111E+02     -0.26667E+01      0.19832E+01
    0.88889E+01     -0.26667E+01      0.12261E+01
    0.10000E+02     -0.17778E+01      0.92595E+00
    0.10000E+02     -0.35556E+01      0.22738E+01
    0.85185E+01      0.29630E+00      0.10748E+00
    0.85185E+01     -0.29630E+00      0.82411E-01
    0.79012E+01      0.00000E+00      0.46574E-01
    0.76543E+01      0.00000E+00      0.58572E-01
    0.77778E+01      0.98765E-01      0.56959E-01
    0.77778E+01     -0.98765E-01      0.47937E-01
    0.80658E+01     -0.98765E-01      0.44126E-01
    0.79835E+01     -0.98765E-01      0.43119E-01
    0.80247E+01     -0.65844E-01      0.44024E-01
    0.80247E+01     -0.13169E+00      0.43218E-01
    0.11111E+02     -0.17778E+01      0.14707E+01
    0.88889E+01     -0.17778E+01      0.60772E+00
    0.81481E+01     -0.88889E+00      0.15352E+00
    0.74074E+01     -0.88889E+00      0.19519E+00
    0.77778E+01     -0.59259E+00      0.88907E-01
    0.77778E+01     -0.11852E+01      0.25686E+00
    0.79012E+01      0.98765E-01      0.52633E-01
    0.79012E+01     -0.98765E-01      0.43777E-01
    0.79835E+01     -0.65844E-01      0.43708E-01
    0.79835E+01     -0.13169E+00      0.42939E-01
    0.77778E+01     -0.26667E+01      0.12221E+01
    0.55556E+01     -0.26667E+01      0.21549E+01
    0.66667E+01     -0.17778E+01      0.80616E+00
    0.66667E+01     -0.35556E+01      0.24897E+01
    0.81481E+01     -0.59259E+00      0.86028E-01
    0.74074E+01     -0.59259E+00      0.12672E+00
    0.82716E+01     -0.29630E+00      0.58200E-01
    0.80247E+01     -0.29630E+00      0.48365E-01
    0.81481E+01     -0.19753E+00      0.47270E-01
    0.81481E+01     -0.39506E+00      0.59307E-01
    0.79424E+01     -0.98765E-01      0.43238E-01
    0.78601E+01     -0.98765E-01      0.44738E-01
    0.79012E+01     -0.65844E-01      0.44330E-01
    0.79012E+01     -0.13169E+00      0.43633E-01
    0.79973E+01     -0.13169E+00      0.42986E-01
    0.79698E+01     -0.13169E+00      0.42938E-01
    0.79835E+01     -0.12071E+00      0.42953E-01
    0.79835E+01     -0.14266E+00      0.42970E-01
    0.25000E+03      0.90000E+02      0.18000E+03      0.54942E+03
    0.41667E+03      0.90000E+02      0.18000E+03      0.15645E+04
    0.83333E+02      0.90000E+02      0.18000E+03      0.62210E+02
    0.25000E+03      0.15000E+03      0.18000E+03      0.12823E+03
    0.25000E+03      0.30000E+02      0.18000E+03      0.12823E+03
    0.25000E+03      0.90000E+02      0.30000E+03      0.17664E+03
    0.25000E+03      0.90000E+02      0.60000E+02      0.17664E+03
    0.83333E+02      0.15000E+03      0.18000E+03      0.13984E+02
    0.83333E+02      0.30000E+02      0.18000E+03      0.13984E+02
    0.83333E+02      0.90000E+02      0.30000E+03      0.32186E+02
    0.83333E+02      0.90000E+02      0.60000E+02      0.32186E+02
    0.83333E+02      0.15000E+03      0.30000E+03      0.15312E+02
    0.83333E+02      0.15000E+03      0.60000E+02      0.21118E+02
    0.83333E+02      0.30000E+02      0.30000E+03      0.21118E+02
    0.83333E+02      0.30000E+02      0.60000E+02      0.15312E+02
    0.25000E+03      0.15000E+03      0.30000E+03      0.57300E+02
    0.25000E+03      0.15000E+03      0.60000E+02      0.62804E+02
    0.13889E+03      0.15000E+03      0.18000E+03      0.37455E+02
    0.27778E+02      0.15000E+03      0.18000E+03      0.50384E+01
    0.83333E+02      0.17000E+03      0.18000E+03      0.17835E+01
    0.83333E+02      0.13000E+03      0.18000E+03      0.37960E+02
    0.83333E+02      0.15000E+03      0.22000E+03      0.90312E+01
    0.83333E+02      0.15000E+03      0.14000E+03      0.13195E+02
    0.25000E+03      0.30000E+02      0.30000E+03      0.62804E+02
    0.25000E+03      0.30000E+02      0.60000E+02      0.57300E+02
    0.13889E+03      0.17000E+03      0.18000E+03      0.33726E+01
    0.27778E+02      0.17000E+03      0.18000E+03      0.19552E+01
    0.83333E+02      0.17000E+03      0.22000E+03      0.78561E+00
    0.83333E+02      0.17000E+03      0.14000E+03      0.33646E+01
    0.41667E+03      0.15000E+03      0.18000E+03      0.37403E+03
    0.41667E+03      0.30000E+02      0.18000E+03      0.37403E+03
    0.41667E+03      0.90000E+02      0.30000E+03      0.44849E+03
    0.41667E+03      0.90000E+02      0.60000E+02      0.44849E+03
    0.13889E+03      0.17000E+03      0.22000E+03      0.13706E+01
    0.27778E+02      0.17000E+03      0.22000E+03      0.12300E+01
    0.41667E+03      0.15000E+03      0.30000E+03      0.13242E+03
    0.41667E+03      0.15000E+03      0.60000E+02      0.13751E+03
    0.13889E+03      0.17000E+03      0.14000E+03      0.39299E+01
    0.27778E+02      0.17000E+03      0.14000E+03      0.38246E+01
    0.10185E+03      0.17000E+03      0.22000E+03      0.86389E+00
    0.64815E+02      0.17000E+03      0.22000E+03      0.82218E+00
    0.83333E+02      0.17667E+03      0.22000E+03      0.16329E+01
    0.83333E+02      0.16333E+03      0.22000E+03      0.17588E+01
    0.83333E+02      0.17000E+03      0.23333E+03      0.74529E+00
    0.83333E+02      0.17000E+03      0.20667E+03      0.10024E+01
    0.41667E+03      0.30000E+02      0.30000E+03      0.13751E+03
    0.41667E+03      0.30000E+02      0.60000E+02      0.13242E+03
    0.27778E+02      0.15000E+03      0.22000E+03      0.48271E+01
    0.27778E+02      0.15000E+03      0.14000E+03      0.88985E+01
    0.10185E+03      0.17000E+03      0.23333E+03      0.70812E+00
    0.64815E+02      0.17000E+03      0.23333E+03      0.85142E+00
    0.83333E+02      0.17667E+03      0.23333E+03      0.16674E+01
    0.83333E+02      0.16333E+03      0.23333E+03      0.14289E+01
    0.13889E+03      0.30000E+02      0.18000E+03      0.37455E+02
    0.27778E+02      0.30000E+02      0.18000E+03      0.50384E+01
    0.83333E+02      0.50000E+02      0.18000E+03      0.37960E+02
    0.83333E+02      0.10000E+02      0.18000E+03      0.17835E+01
    0.83333E+02      0.30000E+02      0.22000E+03      0.13195E+02
    0.83333E+02      0.30000E+02      0.14000E+03      0.90312E+01
    0.10185E+03      0.17667E+03      0.23333E+03      0.15784E+01
    0.10185E+03      0.16333E+03      0.23333E+03      0.17446E+01
    0.13889E+03      0.10000E+02      0.18000E+03      0.33726E+01
    0.27778E+02      0.10000E+02      0.18000E+03      0.19552E+01
    0.83333E+02      0.10000E+02      0.22000E+03      0.33646E+01
    0.83333E+02      0.10000E+02      0.14000E+03      0.78561E+00
    0.64815E+02      0.17667E+03      0.22000E+03      0.17466E+01
    0.64815E+02      0.16333E+03      0.22000E+03      0.13225E+01
    0.10802E+03      0.17000E+03      0.23333E+03      0.71134E+00
    0.95679E+02      0.17000E+03      0.23333E+03      0.71274E+00
    0.10185E+03      0.17222E+03      0.23333E+03      0.79036E+00
    0.10185E+03      0.16778E+03      0.23333E+03      0.83936E+00
    0.10185E+03      0.17000E+03      0.23778E+03      0.71228E+00
    0.10185E+03      0.17000E+03      0.22889E+03      0.73398E+00
