    0.65000E+01      0.00000E+00      0.33341E+00
    0.88333E+01      0.00000E+00      0.13310E+00
    0.41667E+01      0.00000E+00      0.21766E+01
    0.65000E+01      0.26667E+01      0.18407E+01
    0.65000E+01     -0.26667E+01      0.15915E+01
    0.88333E+01      0.26667E+01      0.14272E+01
    0.88333E+01     -0.26667E+01      0.12196E+01
    0.41667E+01      0.26667E+01      0.37178E+01
    0.41667E+01     -0.26667E+01      0.34543E+01
    0.96111E+01      0.00000E+00      0.35061E+00
    0.80556E+01      0.00000E+00      0.46258E-01
    0.88333E+01      0.88889E+00      0.30460E+00
    0.88333E+01     -0.88889E+00      0.23185E+00
    0.80556E+01      0.88889E+00      0.22919E+00
    0.80556E+01     -0.88889E+00      0.15082E+00
    0.72778E+01      0.00000E+00      0.10678E+00
    0.57222E+01      0.00000E+00      0.74503E+00
    0.65000E+01      0.88889E+00      0.53687E+00
    0.65000E+01     -0.88889E+00      0.44733E+00
    0.83148E+01      0.00000E+00      0.59708E-01
    0.77963E+01      0.00000E+00      0.49163E-01
    0.80556E+01      0.29630E+00      0.74446E-01
    0.80556E+01     -0.29630E+00      0.48252E-01
    0.72778E+01      0.88889E+00      0.30063E+00
    0.72778E+01     -0.88889E+00      0.21657E+00
    0.83148E+01     -0.29630E+00      0.60928E-01
    0.77963E+01     -0.29630E+00      0.51978E-01
    0.81420E+01      0.00000E+00      0.48957E-01
    0.79691E+01      0.00000E+00      0.45376E-01
    0.80556E+01      0.98765E-01      0.51979E-01
    0.80556E+01     -0.98765E-01      0.43347E-01
    0.96111E+01      0.88889E+00      0.51069E+00
    0.96111E+01     -0.88889E+00      0.44329E+00
    0.83148E+01      0.29630E+00      0.86446E-01
    0.77963E+01      0.29630E+00      0.78855E-01
    0.81420E+01     -0.98765E-01      0.45979E-01
    0.79691E+01     -0.98765E-01      0.42534E-01
    0.57222E+01      0.88889E+00      0.95573E+00
    0.57222E+01     -0.88889E+00      0.86114E+00
    0.75370E+01      0.00000E+00      0.69104E-01
    0.70185E+01      0.00000E+00      0.16291E+00
    0.72778E+01      0.29630E+00      0.13963E+00
    0.72778E+01     -0.29630E+00      0.11139E+00
    0.81420E+01     -0.29630E+00      0.50688E-01
    0.79691E+01     -0.29630E+00      0.47638E-01
    0.80556E+01     -0.19753E+00      0.43959E-01
    0.80556E+01     -0.39506E+00      0.56208E-01
    0.79979E+01     -0.98765E-01      0.42602E-01
    0.79403E+01     -0.98765E-01      0.42671E-01
    0.79691E+01     -0.65844E-01      0.43114E-01
    0.79691E+01     -0.13169E+00      0.42364E-01
    0.96111E+01     -0.26667E+01      0.13712E+01
    0.80556E+01     -0.26667E+01      0.11966E+01
    0.88333E+01     -0.17778E+01      0.59831E+00
    0.88333E+01     -0.35556E+01      0.20762E+01
    0.75370E+01      0.29630E+00      0.10035E+00
    0.75370E+01     -0.29630E+00      0.72788E-01
    0.81420E+01     -0.19753E+00      0.46487E-01
    0.79691E+01     -0.19753E+00      0.43252E-01
    0.79979E+01     -0.13169E+00      0.42420E-01
    0.79403E+01     -0.13169E+00      0.42514E-01
    0.96111E+01     -0.17778E+01      0.78727E+00
    0.80556E+01     -0.17778E+01      0.53920E+00
    0.90926E+01      0.00000E+00      0.19183E+00
    0.85741E+01      0.00000E+00      0.88861E-01
    0.88333E+01      0.29630E+00      0.15709E+00
    0.88333E+01     -0.29630E+00      0.13290E+00
    0.78827E+01      0.00000E+00      0.46336E-01
    0.77099E+01      0.00000E+00      0.53883E-01
    0.77963E+01      0.98765E-01      0.55429E-01
    0.77963E+01     -0.98765E-01      0.46459E-01
    0.79979E+01     -0.65844E-01      0.43195E-01
    0.79403E+01     -0.65844E-01      0.43238E-01
    0.79787E+01     -0.13169E+00      0.42360E-01
    0.79595E+01     -0.13169E+00      0.42391E-01
    0.79691E+01     -0.12071E+00      0.42375E-01
    0.79691E+01     -0.14266E+00      0.42399E-01
    0.15000E+03      0.90000E+02      0.90000E+02      0.26116E+01
    0.25000E+03      0.90000E+02      0.90000E+02      0.26068E+01
    0.50000E+02      0.90000E+02      0.90000E+02      0.26112E+01
    0.15000E+03      0.15000E+03      0.90000E+02      0.16262E+02
    0.15000E+03      0.30000E+02      0.90000E+02      0.46054E+01
    0.15000E+03      0.90000E+02      0.15000E+03      0.13367E+03
    0.15000E+03      0.90000E+02      0.30000E+02      0.18755E+03
    0.25000E+03      0.15000E+03      0.90000E+02      0.15924E+02
    0.25000E+03      0.30000E+02      0.90000E+02      0.44655E+01
    0.25000E+03      0.90000E+02      0.15000E+03      0.39551E+03
    0.25000E+03      0.90000E+02      0.30000E+02      0.48528E+03
    0.50000E+02      0.15000E+03      0.90000E+02      0.16616E+02
    0.50000E+02      0.30000E+02      0.90000E+02      0.47581E+01
    0.50000E+02      0.90000E+02      0.15000E+03      0.11811E+02
    0.50000E+02      0.90000E+02      0.30000E+02      0.29936E+02
    0.28333E+03      0.90000E+02      0.90000E+02      0.26051E+01
    0.21667E+03      0.90000E+02      0.90000E+02      0.26086E+01
    0.25000E+03      0.11000E+03      0.90000E+02      0.18510E+01
    0.25000E+03      0.70000E+02      0.90000E+02      0.63933E+01
    0.25000E+03      0.90000E+02      0.11000E+03      0.51238E+02
    0.25000E+03      0.90000E+02      0.70000E+02      0.86125E+02
    0.25000E+03      0.30000E+02      0.15000E+03      0.91531E+02
    0.25000E+03      0.30000E+02      0.30000E+02      0.13708E+03
    0.28333E+03      0.11000E+03      0.90000E+02      0.18486E+01
    0.21667E+03      0.11000E+03      0.90000E+02      0.18541E+01
    0.25000E+03      0.11000E+03      0.11000E+03      0.44324E+02
    0.25000E+03      0.11000E+03      0.70000E+02      0.77262E+02
    0.15000E+03      0.30000E+02      0.15000E+03      0.28529E+02
    0.15000E+03      0.30000E+02      0.30000E+02      0.55834E+02
    0.28333E+03      0.11000E+03      0.11000E+03      0.58860E+02
    0.28333E+03      0.11000E+03      0.70000E+02      0.96187E+02
    0.50000E+02      0.30000E+02      0.15000E+03      0.16321E+01
    0.50000E+02      0.30000E+02      0.30000E+02      0.10638E+02
    0.21667E+03      0.11000E+03      0.11000E+03      0.31879E+02
    0.21667E+03      0.11000E+03      0.70000E+02      0.60428E+02
    0.29444E+03      0.11000E+03      0.90000E+02      0.18481E+01
    0.27222E+03      0.11000E+03      0.90000E+02      0.18493E+01
    0.28333E+03      0.11667E+03      0.90000E+02      0.22322E+01
    0.28333E+03      0.10333E+03      0.90000E+02      0.16249E+01
    0.28333E+03      0.11000E+03      0.96667E+02      0.42150E+01
    0.28333E+03      0.11000E+03      0.83333E+02      0.16864E+02
    0.25000E+03      0.15000E+03      0.15000E+03      0.97184E+02
    0.25000E+03      0.15000E+03      0.30000E+02      0.14282E+03
    0.83333E+02      0.30000E+02      0.15000E+03      0.65744E+01
    0.16667E+02      0.30000E+02      0.15000E+03      0.76234E+00
    0.50000E+02      0.50000E+02      0.15000E+03      0.64013E+01
    0.50000E+02      0.10000E+02      0.15000E+03      0.81978E+00
    0.50000E+02      0.30000E+02      0.17000E+03      0.24100E+01
    0.50000E+02      0.30000E+02      0.13000E+03      0.19593E+01
    0.29444E+03      0.10333E+03      0.90000E+02      0.16235E+01
    0.27222E+03      0.10333E+03      0.90000E+02      0.16264E+01
    0.28333E+03      0.10333E+03      0.96667E+02      0.43562E+01
    0.28333E+03      0.10333E+03      0.83333E+02      0.17412E+02
    0.15000E+03      0.15000E+03      0.15000E+03      0.34247E+02
    0.15000E+03      0.15000E+03      0.30000E+02      0.61707E+02
    0.16667E+02      0.50000E+02      0.15000E+03      0.17576E+01
    0.16667E+02      0.10000E+02      0.15000E+03      0.13983E+01
    0.16667E+02      0.30000E+02      0.17000E+03      0.61341E+00
    0.16667E+02      0.30000E+02      0.13000E+03      0.22036E+01
    0.50000E+02      0.15000E+03      0.15000E+03      0.72804E+01
    0.50000E+02      0.15000E+03      0.30000E+02      0.16780E+02
    0.16667E+02      0.50000E+02      0.17000E+03      0.19542E+01
    0.16667E+02      0.10000E+02      0.17000E+03      0.18221E+01
    0.50000E+02      0.10000E+02      0.17000E+03      0.12913E+01
    0.50000E+02      0.10000E+02      0.13000E+03      0.10004E+01
    0.27778E+02      0.30000E+02      0.17000E+03      0.66452E+00
    0.55556E+01      0.30000E+02      0.17000E+03      0.10215E+01
    0.16667E+02      0.36667E+02      0.17000E+03      0.87209E+00
    0.16667E+02      0.23333E+02      0.17000E+03      0.68463E+00
    0.16667E+02      0.30000E+02      0.17667E+03      0.97869E+00
    0.16667E+02      0.30000E+02      0.16333E+03      0.46754E+00
    0.16667E+02      0.50000E+02      0.13000E+03      0.17898E+01
    0.16667E+02      0.10000E+02      0.13000E+03      0.15621E+01
    0.27778E+02      0.30000E+02      0.16333E+03      0.45014E+00
    0.55556E+01      0.30000E+02      0.16333E+03      0.10561E+01
    0.16667E+02      0.36667E+02      0.16333E+03      0.70904E+00
    0.16667E+02      0.23333E+02      0.16333E+03      0.52733E+00
    0.28333E+03      0.90000E+02      0.11000E+03      0.67684E+02
    0.28333E+03      0.90000E+02      0.70000E+02      0.10722E+03
    0.27778E+02      0.36667E+02      0.16333E+03      0.94280E+00
    0.27778E+02      0.23333E+02      0.16333E+03      0.33851E+00
    0.21667E+03      0.90000E+02      0.11000E+03      0.37138E+02
    0.21667E+03      0.90000E+02      0.70000E+02      0.67380E+02
    0.27778E+02      0.36667E+02      0.17000E+03      0.11895E+01
    0.27778E+02      0.23333E+02      0.17000E+03      0.54420E+00
    0.31481E+02      0.23333E+02      0.16333E+03      0.34987E+00
    0.24074E+02      0.23333E+02      0.16333E+03      0.36447E+00
    0.27778E+02      0.25556E+02      0.16333E+03      0.33105E+00
    0.27778E+02      0.21111E+02      0.16333E+03      0.39181E+00
    0.27778E+02      0.23333E+02      0.16556E+03      0.38263E+00
    0.27778E+02      0.23333E+02      0.16111E+03      0.31806E+00
    0.83333E+02      0.90000E+02      0.90000E+02      0.26126E+01
    0.16667E+02      0.90000E+02      0.90000E+02      0.26080E+01
    0.50000E+02      0.11000E+03      0.90000E+02      0.18623E+01
    0.50000E+02      0.70000E+02      0.90000E+02      0.62677E+01
    0.50000E+02      0.90000E+02      0.11000E+03      0.17959E+01
    0.50000E+02      0.90000E+02      0.70000E+02      0.88449E+01
    0.27778E+02      0.30000E+02      0.15000E+03      0.58761E+00
    0.55556E+01      0.30000E+02      0.15000E+03      0.16279E+01
    0.16667E+02      0.36667E+02      0.15000E+03      0.80096E+00
    0.16667E+02      0.23333E+02      0.15000E+03      0.83073E+00
    0.16667E+02      0.30000E+02      0.15667E+03      0.52532E+00
    0.16667E+02      0.30000E+02      0.14333E+03      0.11468E+01
    0.31481E+02      0.23333E+02      0.16111E+03      0.32357E+00
    0.24074E+02      0.23333E+02      0.16111E+03      0.34950E+00
    0.27778E+02      0.25556E+02      0.16111E+03      0.31142E+00
    0.27778E+02      0.21111E+02      0.16111E+03      0.36746E+00
