    0.20000E+01      0.10000E+00      0.00000E+00      0.62561E+02
    0.20010E+01      0.10000E+00      0.00000E+00      0.62560E+02
    0.20000E+01      0.10100E+00      0.00000E+00      0.62559E+02
    0.20000E+01      0.10000E+00      0.10000E-02      0.62561E+02
    0.23106E+01      0.20000E+01     -0.57471E-01      0.12862E+03
    0.23116E+01      0.20000E+01     -0.57471E-01      0.12865E+03
    0.23106E+01      0.20010E+01     -0.57471E-01      0.12865E+03
    0.23106E+01      0.20000E+01     -0.56471E-01      0.12862E+03
    0.20043E+01      0.12613E+00     -0.79040E-03      0.62554E+02
    0.20053E+01      0.12613E+00     -0.79040E-03      0.62553E+02
    0.20043E+01      0.12713E+00     -0.79040E-03      0.62555E+02
    0.20043E+01      0.12613E+00      0.20960E-03      0.62554E+02
    0.20043E+01      0.11462E+00     -0.92403E-03      0.62544E+02
    0.20053E+01      0.11462E+00     -0.92403E-03      0.62544E+02
    0.20043E+01      0.11562E+00     -0.92403E-03      0.62544E+02
    0.20043E+01      0.11462E+00      0.75973E-04      0.62544E+02
