      55
    0.0091647317
     0.010237388
     0.011468111
     0.012885285
     0.014523434
     0.016424817
     0.018641520
     0.021238227
     0.024295931
     0.027916971
     0.032231943
     0.037409318
     0.043669024
     0.051301896
     0.060697969
     0.072388241
     0.087107219
      0.10588767
      0.13020511
      0.16219691
      0.20498430
      0.26310012
      0.34288407
      0.45217237
      0.59703457
      0.77047501
      0.93095237
       1.0000000
      0.93097456
      0.77050688
      0.59706553
      0.45219853
      0.34290525
      0.26311721
      0.20499827
      0.16220854
      0.13021496
      0.10589614
     0.087114608
     0.072394760
     0.060703776
     0.051307111
     0.043673739
     0.037413604
     0.032235858
     0.027920561
     0.024299234
     0.021241275
     0.018644341
     0.016427432
     0.014525864
     0.012887546
     0.011470219
     0.010239356
    0.0091665710
