         200  4.649727065479954E-003
  0.25000000E+01  0.99931397E+00  0.22782671E-05 -0.47220840E-18  0.14648014E-19
  0.24723600E+01  0.99927646E+00  0.23935071E-05 -0.49608527E-18  0.11489397E-19
  0.24447200E+01  0.99923592E+00  0.25181007E-05 -0.52191845E-18 -0.22745730E-19
  0.24170900E+01  0.99919198E+00  0.26531453E-05 -0.54991292E-18 -0.34545902E-19
  0.23894500E+01  0.99914416E+00  0.28001170E-05 -0.58037041E-18  0.32728526E-19
  0.23618100E+01  0.99909191E+00  0.29606598E-05 -0.61364319E-18 -0.41174848E-19
  0.23341700E+01  0.99903449E+00  0.31368985E-05 -0.65016838E-18  0.58046188E-19
  0.23065300E+01  0.99897098E+00  0.33315832E-05 -0.69052073E-18  0.12363965E-18
  0.22788900E+01  0.99890008E+00  0.35483829E-05 -0.73547466E-18  0.53234922E-19
  0.22512600E+01  0.99882007E+00  0.37922493E-05 -0.78601014E-18  0.14891626E-18
  0.22236200E+01  0.99872835E+00  0.40704807E-05 -0.84367394E-18  0.10053938E-18
  0.21959800E+01  0.99862128E+00  0.43932664E-05 -0.91058282E-18  0.56298208E-19
  0.21683400E+01  0.99849344E+00  0.47756316E-05 -0.98984594E-18 -0.71358321E-19
  0.21407000E+01  0.99833683E+00  0.52397226E-05 -0.10860243E-17  0.16749417E-19
  0.21130700E+01  0.99813972E+00  0.58179880E-05 -0.12058650E-17  0.53612196E-19
  0.20854300E+01  0.99788461E+00  0.65588709E-05 -0.13594137E-17 -0.53418279E-19
  0.20577900E+01  0.99754633E+00  0.75322136E-05 -0.15611472E-17  0.43528546E-19
  0.20301500E+01  0.99708865E+00  0.88388982E-05 -0.18319985E-17  0.27433111E-18
  0.20025100E+01  0.99646041E+00  0.10622133E-04 -0.22015441E-17 -0.95046167E-19
  0.19748700E+01  0.99559064E+00  0.13081721E-04 -0.27113647E-17  0.52701359E-18
  0.19472400E+01  0.99438340E+00  0.16489560E-04 -0.34176799E-17 -0.69066758E-18
  0.19196000E+01  0.99270977E+00  0.21213746E-04 -0.43968917E-17 -0.57104742E-19
  0.18919600E+01  0.99040433E+00  0.27730673E-04 -0.57475651E-17 -0.69447352E-18
  0.18643200E+01  0.98725856E+00  0.36646356E-04 -0.75960291E-17 -0.16000941E-17
  0.18366800E+01  0.98301872E+00  0.48705705E-04 -0.10094441E-16  0.15930147E-17
  0.18090500E+01  0.97739015E+00  0.64783805E-04 -0.13427517E-16 -0.21777799E-17
  0.17814100E+01  0.97003703E+00  0.85889379E-04 -0.17803237E-16 -0.21525913E-17
  0.17537700E+01  0.96061171E+00  0.11308279E-03 -0.23439269E-16 -0.56971667E-18
  0.17261300E+01  0.94877437E+00  0.14741810E-03 -0.30555310E-16 -0.32030215E-17
  0.16984900E+01  0.93423225E+00  0.18982544E-03 -0.39344343E-16 -0.17012444E-17
  0.16708500E+01  0.91678468E+00  0.24097135E-03 -0.49945148E-16  0.10806710E-16
  0.16432200E+01  0.89637854E+00  0.30108428E-03 -0.62406483E-16 -0.37744775E-18
  0.16155800E+01  0.87311905E+00  0.36990905E-03 -0.76678286E-16  0.33839178E-18
  0.15879400E+01  0.84734009E+00  0.44648679E-03 -0.92538475E-16  0.16508552E-17
  0.15603000E+01  0.81958640E+00  0.52920617E-03 -0.10969070E-15 -0.94284292E-17
  0.15326600E+01  0.79055122E+00  0.61596278E-03 -0.12767101E-15 -0.17250709E-17
  0.15050300E+01  0.76109394E+00  0.70416121E-03 -0.14595043E-15 -0.14207237E-16
  0.14773900E+01  0.73208604E+00  0.79116167E-03 -0.16396903E-15 -0.47745114E-17
  0.14497500E+01  0.70438202E+00  0.87442627E-03 -0.18124919E-15 -0.12863549E-16
  0.14221100E+01  0.67873353E+00  0.95174425E-03 -0.19726094E-15 -0.56687788E-18
  0.13944700E+01  0.65573557E+00  0.10214322E-02 -0.21171353E-15  0.22481997E-17
  0.13668300E+01  0.63581189E+00  0.10823704E-02 -0.22433575E-15 -0.22793347E-17
  0.13392000E+01  0.61923015E+00  0.11339449E-02 -0.23501788E-15  0.32566169E-16
  0.13115600E+01  0.60610917E+00  0.11760086E-02 -0.24375039E-15 -0.28879297E-17
  0.12839200E+01  0.59649512E+00  0.12086243E-02 -0.25051523E-15  0.47759279E-17
  0.12562800E+01  0.59037739E+00  0.12319945E-02 -0.25534699E-15 -0.13251839E-16
  0.12286400E+01  0.58772991E+00  0.12463133E-02 -0.25831602E-15 -0.46558350E-17
  0.12010000E+01  0.58853525E+00  0.12516717E-02 -0.25943461E-15 -0.58866870E-17
  0.11733700E+01  0.59279337E+00  0.12480066E-02 -0.25868092E-15  0.59078108E-17
  0.11457300E+01  0.60052590E+00  0.12350807E-02 -0.25600094E-15 -0.99903119E-17
  0.11180900E+01  0.61175001E+00  0.12125244E-02 -0.25133035E-15  0.10940037E-16
  0.10904500E+01  0.62645401E+00  0.11799123E-02 -0.24455856E-15 -0.20965051E-17
  0.10628100E+01  0.64455813E+00  0.11368865E-02 -0.23563284E-15 -0.13322166E-16
  0.10351800E+01  0.66586482E+00  0.10833349E-02 -0.22452485E-15  0.98428571E-17
  0.10075400E+01  0.69005455E+00  0.10194826E-02 -0.21130836E-15  0.34619023E-17
  0.97989900E+00  0.71661955E+00  0.94615768E-03 -0.19612079E-15 -0.90326713E-17
  0.95226100E+00  0.74489070E+00  0.86482872E-03 -0.17924450E-15 -0.15105208E-16
  0.92462300E+00  0.77406720E+00  0.77759716E-03 -0.16118959E-15  0.17862941E-16
  0.89698500E+00  0.80329930E+00  0.68703560E-03 -0.14240195E-15  0.82851190E-17
  0.86934700E+00  0.83171290E+00  0.59605567E-03 -0.12355754E-15 -0.33796827E-18
  0.84170800E+00  0.85851816E+00  0.50757124E-03 -0.10519573E-15  0.58527984E-17
  0.81407000E+00  0.88309117E+00  0.42410765E-03 -0.87902535E-16 -0.29771378E-17
  0.78643200E+00  0.90498274E+00  0.34772322E-03 -0.72074493E-16  0.48597430E-17
  0.75879400E+00  0.92395276E+00  0.27976427E-03 -0.57984822E-16 -0.61706994E-17
  0.73115600E+00  0.93995203E+00  0.22084933E-03 -0.45776667E-16  0.15528466E-17
  0.70351800E+00  0.95308838E+00  0.17092640E-03 -0.35426961E-16 -0.30579287E-17
  0.67587900E+00  0.96358175E+00  0.12939553E-03 -0.26818607E-16 -0.19824848E-17
  0.64824100E+00  0.97171585E+00  0.95267450E-04 -0.19746096E-16 -0.23291979E-17
  0.62060300E+00  0.97779816E+00  0.67307350E-04 -0.13950217E-16 -0.17182589E-18
  0.59296500E+00  0.98212535E+00  0.44172377E-04 -0.91551813E-17 -0.90793062E-18
  0.56532700E+00  0.98496111E+00  0.24510573E-04 -0.50803361E-17 -0.17668317E-19
  0.53768800E+00  0.98652373E+00  0.70304224E-05 -0.14571514E-17  0.23841367E-19
  0.51005000E+00  0.98698208E+00 -0.94517175E-05  0.19590563E-17 -0.41568241E-18
  0.48241200E+00  0.98645883E+00 -0.25987087E-04  0.53864831E-17 -0.13032983E-17
  0.45477400E+00  0.98503802E+00 -0.43472383E-04  0.90102686E-17  0.24667131E-17
  0.42713600E+00  0.98277606E+00 -0.62633453E-04  0.12981410E-16  0.24778039E-17
  0.39949700E+00  0.97971444E+00 -0.84008106E-04  0.17412410E-16  0.20003255E-17
  0.37185900E+00  0.97589335E+00 -0.10792385E-03  0.22368713E-16  0.14407149E-17
  0.34422100E+00  0.97136355E+00 -0.13448450E-03  0.27873428E-16  0.82453175E-18
  0.31658300E+00  0.96619999E+00 -0.16354085E-03  0.33893621E-16  0.41757963E-17
  0.28894500E+00  0.96049825E+00 -0.19474762E-03  0.40363987E-16  0.61838873E-17
  0.26130700E+00  0.95439524E+00 -0.22748872E-03  0.47148482E-16 -0.25076933E-17
  0.23366800E+00  0.94805906E+00 -0.26095881E-03  0.54089417E-16 -0.11279071E-16
  0.20603000E+00  0.94168708E+00 -0.29419596E-03  0.60976356E-16  0.44328480E-17
  0.17839200E+00  0.93549598E+00 -0.32614973E-03  0.67599130E-16  0.62618336E-17
  0.15075400E+00  0.92971147E+00 -0.35574263E-03  0.73733148E-16  0.35657211E-17
  0.12311600E+00  0.92455567E+00 -0.38193616E-03  0.79162522E-16  0.37877071E-17
  0.95477400E-01  0.92023449E+00 -0.40378902E-03  0.83692503E-16 -0.48537214E-18
  0.67839200E-01  0.91692620E+00 -0.42050383E-03  0.87155068E-16 -0.20116265E-17
  0.40201000E-01  0.91477055E+00 -0.43146777E-03  0.89428313E-16  0.16855015E-18
  0.12562800E-01  0.91386079E+00 -0.43627893E-03  0.90426877E-16 -0.12453182E-16
 -0.15075400E-01  0.91423784E+00 -0.43476455E-03  0.90112797E-16  0.17176836E-16
 -0.42713600E-01  0.91588789E+00 -0.42698867E-03  0.88502122E-16  0.15813938E-17
 -0.70351800E-01  0.91874321E+00 -0.41324953E-03  0.85652610E-16 -0.13914626E-17
 -0.97990000E-01  0.92268653E+00 -0.39406685E-03  0.81677353E-16  0.20929005E-17
 -0.12562800E+00  0.92755814E+00 -0.37015919E-03  0.76721623E-16 -0.50584961E-17
 -0.15326600E+00  0.93316563E+00 -0.34241068E-03  0.70970748E-16 -0.41350318E-18
 -0.18090500E+00  0.93929539E+00 -0.31182766E-03  0.64630068E-16 -0.18644870E-17
 -0.20854300E+00  0.94572423E+00 -0.27949056E-03  0.57928890E-16 -0.13123603E-17
 -0.23618100E+00  0.95223381E+00 -0.24648706E-03  0.51088024E-16  0.25396730E-17
 -0.26381900E+00  0.95862221E+00 -0.21385260E-03  0.44325525E-16  0.33476428E-17
 -0.29145700E+00  0.96471518E+00 -0.18250854E-03  0.37827166E-16 -0.32867231E-17
 -0.31909500E+00  0.97037166E+00 -0.15322521E-03  0.31758546E-16  0.59021417E-18
 -0.34673400E+00  0.97549930E+00 -0.12653161E-03  0.26225956E-16 -0.25635628E-17
 -0.37437200E+00  0.98003644E+00 -0.10280043E-03  0.21307282E-16  0.50187798E-18
 -0.40201000E+00  0.98396146E+00 -0.82192172E-04  0.17035518E-16  0.16320434E-17
 -0.42964800E+00  0.98728421E+00 -0.64694976E-04  0.13409133E-16  0.17174913E-17
 -0.45728600E+00  0.99003940E+00 -0.50157449E-04  0.10395948E-16 -0.25579883E-18
 -0.48492500E+00  0.99227920E+00 -0.38326973E-04  0.79439340E-17  0.32520667E-18
 -0.51256300E+00  0.99406581E+00 -0.28889723E-04  0.59879111E-17 -0.73232893E-18
 -0.54020100E+00  0.99546571E+00 -0.21502865E-04  0.44569040E-17  0.17344233E-18
 -0.56783900E+00  0.99654436E+00 -0.15824160E-04  0.32798239E-17  0.36951784E-18
 -0.59547700E+00  0.99736275E+00 -0.11532056E-04  0.23902100E-17 -0.29157932E-18
 -0.62311600E+00  0.99797515E+00 -0.83386142E-05  0.17283271E-17 -0.22420647E-18
 -0.65075400E+00  0.99842796E+00 -0.59966448E-05  0.12428972E-17  0.45954735E-19
 -0.67839200E+00  0.99875967E+00 -0.43006364E-05  0.89138402E-18 -0.25786794E-19
 -0.70603000E+00  0.99900117E+00 -0.30853162E-05  0.63948425E-18  0.25143750E-19
 -0.73366800E+00  0.99917661E+00 -0.22213204E-05  0.46040606E-18 -0.26137121E-19
 -0.76130700E+00  0.99930442E+00 -0.16099296E-05  0.33368498E-18  0.41527802E-19
 -0.78894500E+00  0.99939831E+00 -0.11776148E-05  0.24407932E-18 -0.38354224E-19
 -0.81658300E+00  0.99946832E+00 -0.87067432E-06  0.18046448E-18  0.69060659E-19
 -0.84422100E+00  0.99952161E+00 -0.65071430E-06  0.13487001E-18 -0.23763301E-19
 -0.87185900E+00  0.99956323E+00 -0.49075131E-06  0.10171787E-18  0.26196166E-19
 -0.89949800E+00  0.99959668E+00 -0.37211510E-06  0.77126831E-19 -0.29903551E-19
 -0.92713600E+00  0.99962436E+00 -0.28206859E-06  0.58463519E-19 -0.10732923E-19
 -0.95477400E+00  0.99964789E+00 -0.21199033E-06  0.43937916E-19 -0.33222292E-19
 -0.98241200E+00  0.99966838E+00 -0.15609115E-06  0.32352159E-19 -0.15812618E-19
 -0.10100500E+01  0.99968656E+00 -0.11048396E-06  0.22899742E-19  0.10114711E-20
 -0.10376900E+01  0.99970295E+00 -0.72544504E-07  0.15035942E-19 -0.10946200E-19
 -0.10653300E+01  0.99971789E+00 -0.40486805E-07  0.83920363E-20  0.29128743E-19
 -0.10929600E+01  0.99973163E+00 -0.13076058E-07  0.27103093E-20  0.55645306E-20
 -0.11206000E+01  0.99974436E+00  0.10593571E-07 -0.21956785E-20  0.14152939E-20
 -0.11482400E+01  0.99975621E+00  0.31161495E-07 -0.64586846E-20  0.85426702E-20
 -0.11758800E+01  0.99976729E+00  0.49119196E-07 -0.10180721E-19  0.74331921E-20
 -0.12035200E+01  0.99977769E+00  0.64849647E-07 -0.13441117E-19  0.10439794E-19
 -0.12311600E+01  0.99978746E+00  0.78659216E-07 -0.16303467E-19 -0.57678758E-21
 -0.12587900E+01  0.99979668E+00  0.90794091E-07 -0.18818556E-19  0.14388810E-21
 -0.12864300E+01  0.99980538E+00  0.10147180E-06 -0.21031709E-19  0.16825491E-20
 -0.13140700E+01  0.99981362E+00  0.11086401E-06 -0.22978370E-19 -0.30395919E-20
 -0.13417100E+01  0.99982144E+00  0.11912120E-06 -0.24689942E-19 -0.56279176E-22
 -0.13693500E+01  0.99982886E+00  0.12637311E-06 -0.26192986E-19 -0.36529991E-21
 -0.13969800E+01  0.99983592E+00  0.13273002E-06 -0.27510642E-19  0.22632535E-20
 -0.14246200E+01  0.99984264E+00  0.13829429E-06 -0.28663892E-19 -0.28916273E-20
 -0.14522600E+01  0.99984904E+00  0.14314956E-06 -0.29670376E-19 -0.99632983E-20
 -0.14799000E+01  0.99985516E+00  0.14737112E-06 -0.30544943E-19  0.60376644E-20
 -0.15075400E+01  0.99986101E+00  0.15102555E-06 -0.31302533E-19  0.16815282E-20
 -0.15351800E+01  0.99986660E+00  0.15417166E-06 -0.31954551E-19  0.68152334E-20
 -0.15628100E+01  0.99987195E+00  0.15686077E-06 -0.32512083E-19 -0.10455333E-20
 -0.15904500E+01  0.99987708E+00  0.15914115E-06 -0.32984863E-19 -0.10619455E-20
 -0.16180900E+01  0.99988201E+00  0.16105311E-06 -0.33381030E-19 -0.57211344E-20
 -0.16457300E+01  0.99988673E+00  0.16263992E-06 -0.33709768E-19  0.93704710E-21
 -0.16733700E+01  0.99989127E+00  0.16392030E-06 -0.33975489E-19 -0.33724961E-20
 -0.17010000E+01  0.99989564E+00  0.16493168E-06 -0.34184817E-19 -0.45013217E-20
 -0.17286400E+01  0.99989984E+00  0.16570130E-06 -0.34344447E-19 -0.25461194E-21
 -0.17562800E+01  0.99990388E+00  0.16625251E-06 -0.34458519E-19 -0.25295765E-20
 -0.17839200E+01  0.99990778E+00  0.16660675E-06 -0.34532022E-19  0.32891244E-20
 -0.18115600E+01  0.99991154E+00  0.16678336E-06 -0.34568736E-19 -0.23665433E-20
 -0.18392000E+01  0.99991516E+00  0.16679973E-06 -0.34572280E-19 -0.66311290E-20
 -0.18668300E+01  0.99991866E+00  0.16667168E-06 -0.34545435E-19  0.51819214E-20
 -0.18944700E+01  0.99992204E+00  0.16641340E-06 -0.34492043E-19  0.53104485E-20
 -0.19221100E+01  0.99992530E+00  0.16603779E-06 -0.34414191E-19  0.17349349E-20
 -0.19497500E+01  0.99992846E+00  0.16555657E-06 -0.34314574E-19 -0.67923266E-20
 -0.19773900E+01  0.99993152E+00  0.16498024E-06 -0.34195073E-19  0.62726177E-21
 -0.20050300E+01  0.99993447E+00  0.16431856E-06 -0.34057875E-19  0.12133835E-20
 -0.20326600E+01  0.99993733E+00  0.16358050E-06 -0.33904912E-19  0.37284802E-20
 -0.20603000E+01  0.99994010E+00  0.16277348E-06 -0.33737558E-19 -0.62266657E-20
 -0.20879400E+01  0.99994279E+00  0.16190501E-06 -0.33557478E-19 -0.11627628E-20
 -0.21155800E+01  0.99994539E+00  0.16098168E-06 -0.33366317E-19 -0.10936322E-21
 -0.21432200E+01  0.99994792E+00  0.16000947E-06 -0.33164477E-19  0.23046099E-20
 -0.21708500E+01  0.99995037E+00  0.15899425E-06 -0.32954065E-19  0.43397427E-22
 -0.21984900E+01  0.99995274E+00  0.15794028E-06 -0.32736202E-19 -0.54800748E-20
 -0.22261300E+01  0.99995505E+00  0.15685247E-06 -0.32510398E-19 -0.23244336E-20
 -0.22537700E+01  0.99995729E+00  0.15573491E-06 -0.32278518E-19  0.18612619E-20
 -0.22814100E+01  0.99995947E+00  0.15459146E-06 -0.32041746E-19 -0.92261804E-20
 -0.23090500E+01  0.99996159E+00  0.15342557E-06 -0.31800111E-19  0.38417543E-20
 -0.23366800E+01  0.99996365E+00  0.15224080E-06 -0.31554661E-19 -0.17993744E-20
 -0.23643200E+01  0.99996565E+00  0.15103920E-06 -0.31305685E-19 -0.19240670E-20
 -0.23919600E+01  0.99996760E+00  0.14982383E-06 -0.31053559E-19 -0.23010630E-20
 -0.24196000E+01  0.99996950E+00  0.14859706E-06 -0.30799236E-19 -0.21596548E-20
 -0.24472400E+01  0.99997134E+00  0.14736116E-06 -0.30542985E-19 -0.68364281E-20
 -0.24748700E+01  0.99997314E+00  0.14611849E-06 -0.30285646E-19  0.18993760E-20
 -0.25025100E+01  0.99997489E+00  0.14487001E-06 -0.30026731E-19 -0.46674501E-21
 -0.25301500E+01  0.99997659E+00  0.14361790E-06 -0.29767289E-19  0.12206593E-20
 -0.25577900E+01  0.99997826E+00  0.14236359E-06 -0.29507474E-19  0.36210417E-20
 -0.25854300E+01  0.99997988E+00  0.14110852E-06 -0.29247197E-19  0.32560889E-20
 -0.26130700E+01  0.99998146E+00  0.13985392E-06 -0.28987093E-19  0.25071198E-20
 -0.26407000E+01  0.99998300E+00  0.13860144E-06 -0.28727590E-19 -0.94011228E-21
 -0.26683400E+01  0.99998450E+00  0.13735118E-06 -0.28468585E-19 -0.24289220E-20
 -0.26959800E+01  0.99998596E+00  0.13610452E-06 -0.28209967E-19  0.15572948E-20
 -0.27236200E+01  0.99998740E+00  0.13486240E-06 -0.27952574E-19 -0.41173844E-21
 -0.27512600E+01  0.99998879E+00  0.13362554E-06 -0.27696248E-19 -0.63733897E-20
 -0.27788900E+01  0.99999016E+00  0.13239509E-06 -0.27441266E-19 -0.28186918E-21
 -0.28065300E+01  0.99999149E+00  0.13117085E-06 -0.27187315E-19  0.40530559E-20
 -0.28341700E+01  0.99999279E+00  0.12995378E-06 -0.26934991E-19 -0.20309397E-20
 -0.28618100E+01  0.99999406E+00  0.12874443E-06 -0.26684552E-19 -0.15042667E-20
 -0.28894500E+01  0.99999530E+00  0.12754327E-06 -0.26435636E-19 -0.31757181E-21
 -0.29170900E+01  0.99999652E+00  0.12635070E-06 -0.26188381E-19  0.32142674E-21
 -0.29447200E+01  0.99999770E+00  0.12516754E-06 -0.25943064E-19 -0.50281084E-20
 -0.29723600E+01  0.99999886E+00  0.12399323E-06 -0.25699880E-19 -0.16375960E-20
 -0.30000000E+01  0.10000000E+01  0.12282854E-06 -0.25458335E-19 -0.31611097E-20
